00000000011000000000100000000000
00000000100000000010100000000001
00000000111010000011000000000010
00000001010010110100100000000011
00000001101011100110000000000100
00000000000000010111100000000101
00000000011001000001000000000111
00000000000000110001001010000000
00000000000001010010001010000010
00000001000000000011000000001010
00000001011000000100100000001011
00000001111000000000000000001000
00100001101011000000000001100100
00100100010000010000000001100100
00110001110000010000000001100100
00110100010000010000000001100100
00001111111000010000000001100100
00101111111000010000000001100100
00110100000000010000000001100100
00010000001000100000000000001011
00010100001000100000000000000000
00010000001000110000000000000000
00101000010000010000000001100100
00101100010000010000000001100100
00001000000000000000000000000100
00001100000000000000000000001010
00000000011000100000100000000011
00000000000000000000000000000000
00100000010010001111110000011001
00000000100000000101000000001010
00010101010000000000000000000011
00000001000000000100000000000000
00100001001010010000000000000010
00001011111111111111111111111011
00000001000000000001000000000000
0010000010101110 <--- immediate too big to fit
